7881.459999999999
7144.605
7553.450000000001
8140.1900000000005
10206.006666666666
10361.92
11167.593333333332
11231.949999999999
13167.130000000001
11169.346666666666
12879.373333333331
11928.463333333333
11458.97
14585.643333333335
12898.823333333334
11933.116666666667
12110.89
11769.61
12212.970000000001
12316.64
12090.4
13027.366666666667
13350.816666666666
12384.696666666665
12621.593333333332
12066.473333333333
12308.62
11941.893333333333
12494.193333333335
11767.446666666665
11014.88
10813.263333333334
11164.203333333333
12298.133333333333
11887.51
10102.453333333333
9257.433333333332
9999.383333333333
10187.05
9173.755000000001
10868.54
10231.83
10018.449999999999
11126.393333333333
12732.985
10126.825
9947.515
11841.900000000001
10108.455
11598.925
14430.175
18497.760000000002
8163.525
