store= 34 dept= 18 4249.3 35.44 0.0 104816.0 2.598 4464.686666666667 -3.4533333333333296
store= 34 dept= 18 15363.5 36.13 1.0 104817.0 2.573 14845.61 -2.116666666666667
store= 34 dept= 18 11188.16 38.36 0.0 104818.0 2.54 9418.34 2.7633333333333283
store= 34 dept= 18 973.68 37.28 0.0 104819.0 2.59 627.335 3.644999999999996
store= 34 dept= 18 376.73 42.65 0.0 104821.0 2.654 346.6166666666666 1.2166666666666686
store= 34 dept= 18 414.4 42.26 0.0 104822.0 2.704 301.8866666666667 1.3499999999999943
store= 34 dept= 18 813.9 45.86 0.0 104823.0 2.743 490.57 3.9833333333333343
store= 34 dept= 18 2352.11 42.91 0.0 104824.0 2.752 1218.2966666666669 5.073333333333331
store= 34 dept= 18 13524.6 50.07 0.0 104825.0 2.74 5679.5 4.869999999999997
store= 34 dept= 18 6872.01 51.26 0.0 104826.0 2.773 6386.7266666666665 3.4966666666666626
store= 34 dept= 18 467.5 59.18 0.0 104827.0 2.81 2209.383333333333 -1.980000000000004
store= 34 dept= 18 48.2 55.04 0.0 104828.0 2.805 3886.8233333333337 3.030000000000001
store= 34 dept= 18 1.25 56.58 0.0 104829.0 2.787 1697.676666666667 3.6866666666666745
store= 34 dept= 18 -667.6 57.39 0.0 104830.0 2.836 424.505 2.3299999999999983
store= 34 dept= 18 2.6 60.74 0.0 104831.0 2.845 79.03666666666666 1.163333333333327
store= 34 dept= 18 -667.6 63.99 0.0 104832.0 2.82 7.925 -0.7700000000000031
store= 34 dept= 18 0.25 68.68 0.0 104833.0 2.756 1.645 -1.3449999999999989
store= 34 dept= 18 0.5 72.17 0.0 104834.0 2.701 1.25 1.2349999999999994
store= 34 dept= 18 -667.6 80.84 0.0 104835.0 2.668 19.5 -6.27000000000001
store= 34 dept= 18 2.0 73.48 0.0 104836.0 2.635 1.275 1.5499999999999972
store= 34 dept= 18 0.5 78.47 0.0 104837.0 2.654 0.5 0.0
store= 34 dept= 18 3.5 73.66 0.0 104838.0 2.668 2.3466666666666667 5.516666666666666
store= 34 dept= 18 -667.6 75.0 0.0 104839.0 2.637 0.2 4.39500000000001
store= 34 dept= 18 0.5 78.53 0.0 104840.0 2.621 1.75 -0.21999999999999886
store= 34 dept= 18 -667.6 79.58 0.0 104841.0 2.612 0.1 -1.8799999999999955
store= 34 dept= 18 -667.6 72.26 0.0 104842.0 2.65 1.24 5.780000000000001
store= 34 dept= 18 -667.6 73.8 0.0 104843.0 2.64 55.715 4.019999999999996
store= 34 dept= 18 -667.6 76.72 0.0 104844.0 2.698 77.7 1.5400000000000063
store= 34 dept= 18 5.0 76.45 0.0 104845.0 2.671 28.743333333333336 0.653333333333336
store= 34 dept= 18 -667.6 72.87 0.0 104846.0 2.621 170.355 1.9849999999999852
store= 34 dept= 18 26.0 72.59 0.0 104847.0 2.584 88.23 1.6500000000000057
store= 34 dept= 18 33.0 72.61 1.0 104848.0 2.574 162.71333333333334 1.0300000000000011
store= 34 dept= 18 77.0 70.71 0.0 104849.0 2.594 200.98000000000002 -4.066666666666663
store= 34 dept= 18 135.0 69.78 0.0 104850.0 2.642 1917.8433333333332 -2.4166666666666714
store= 34 dept= 18 2553.44 70.13 0.0 104851.0 2.619 5086.49 -4.809999999999988
store= 34 dept= 18 6032.35 65.21 0.0 104852.0 2.645 7015.25 -5.253333333333323
store= 34 dept= 18 7361.46 59.57 0.0 104853.0 2.732 7885.003333333334 -0.5799999999999983
store= 34 dept= 18 9683.86 58.11 0.0 104854.0 2.736 12063.37 -1.2366666666666646
store= 34 dept= 18 17510.96 50.78 0.0 104855.0 2.718 14331.294999999998 -1.3700000000000045
store= 34 dept= 18 9840.93 52.43 0.0 104856.0 2.699 8016.215 -5.695
store= 34 dept= 18 7097.16 47.2 0.0 104857.0 2.741 7779.3 -0.6000000000000014
store= 34 dept= 18 9110.76 40.93 0.0 104858.0 2.78 15120.259999999998 2.530000000000001
store= 34 dept= 18 18457.14 41.13 1.0 104859.0 2.752 18457.14 0.0
store= 34 dept= 18 34698.1 34.7 0.0 104860.0 2.727 33267.615 2.5249999999999986
store= 34 dept= 18 34655.46 41.93 0.0 104861.0 2.86 31022.614999999998 -8.619999999999997
store= 34 dept= 18 26298.27 42.64 0.0 104862.0 2.884 23509.485 -5.164999999999999
store= 34 dept= 18 18448.35 42.74 0.0 104863.0 2.887 19660.735 -5.145000000000003
store= 34 dept= 18 8655.5 34.11 1.0 104864.0 2.955 8776.744999999999 -2.634999999999998
store= 34 dept= 18 3118.73 24.5 0.0 104864.0 2.98 2484.635 4.745000000000001
store= 34 dept= 18 1023.01 30.75 0.0 104865.0 2.992 1305.81 4.265000000000001
store= 34 dept= 18 1363.92 39.57 0.0 104866.0 3.017 1506.535 0.11999999999999744
store= 34 dept= 18 1470.32 34.68 0.0 104867.0 3.022 2205.035 1.9799999999999969
store= 34 dept= 18 2653.9 23.82 0.0 104868.0 2.996 4464.686666666667 8.166666666666668
store= 34 dept= 18 10170.64 28.66 1.0 104869.0 3.033 14845.61 5.353333333333335
store= 34 dept= 18 16690.29 45.12 0.0 104870.0 3.058 9418.34 -3.9966666666666697
store= 34 dept= 18 280.99 44.57 0.0 104871.0 3.087 627.335 -3.645000000000003
store= 34 dept= 18 89.0 46.21 0.0 104873.0 3.305 346.6166666666666 -2.3433333333333337
store= 34 dept= 18 4.1 45.87 0.0 104874.0 3.461 301.8866666666667 -2.260000000000005
store= 34 dept= 18 0.1 55.58 0.0 104875.0 3.495 490.57 -5.736666666666665
store= 34 dept= 18 506.27 53.11 0.0 104876.0 3.48 1218.2966666666669 -5.126666666666672
store= 34 dept= 18 1217.24 55.46 0.0 104877.0 3.521 5679.5 -0.5200000000000031
store= 34 dept= 18 1731.61 58.59 0.0 104878.0 3.605 6386.7266666666665 -3.833333333333343
store= 34 dept= 18 2652.87 53.3 0.0 104879.0 3.724 2209.383333333333 3.8999999999999986
store= 34 dept= 18 11512.86 63.83 0.0 104880.0 3.781 3886.8233333333337 -5.759999999999998
store= 34 dept= 18 5036.01 57.73 0.0 104881.0 3.781 1697.676666666667 2.536666666666676
store= 34 dept= 18 780.16 54.4 0.0 104882.0 3.866 424.505 5.32
store= 34 dept= 18 233.51 63.05 0.0 104883.0 3.872 79.03666666666666 -1.1466666666666683
store= 34 dept= 18 15.1 61.47 0.0 104884.0 3.881 7.925 1.75
store= 34 dept= 18 3.04 65.99 0.0 104885.0 3.771 1.645 1.345000000000013
store= 34 dept= 18 2.0 74.64 0.0 104886.0 3.683 1.25 -1.2349999999999994
store= 34 dept= 18 19.5 74.57 0.0 104887.0 3.64 19.5 0.0
store= 34 dept= 18 0.55 76.58 0.0 104888.0 3.618 1.275 -1.5499999999999972
store= 34 dept= 18 -667.6 77.16 0.0 104889.0 3.57 0.5 1.3100000000000023
store= 34 dept= 18 1.05 81.96 0.0 104890.0 3.504 2.3466666666666667 -2.7833333333333314
store= 34 dept= 18 0.3 80.84 0.0 104891.0 3.469 0.2 -1.4449999999999932
store= 34 dept= 18 3.0 78.09 0.0 104892.0 3.563 1.75 0.21999999999999886
store= 34 dept= 18 -667.6 80.75 0.0 104893.0 3.627 0.1 -3.049999999999997
store= 34 dept= 18 1.24 78.04 0.0 104894.0 3.659 1.24 0.0
store= 34 dept= 18 1.0 76.71 0.0 104895.0 3.662 55.715 1.1099999999999994
store= 34 dept= 18 -667.6 80.23 0.0 104896.0 3.617 77.7 -1.9699999999999989
store= 34 dept= 18 6.0 77.08 0.0 104897.0 3.55 28.743333333333336 0.023333333333340533
store= 34 dept= 18 5.0 77.27 0.0 104898.0 3.523 170.355 -2.4150000000000063
store= 34 dept= 18 -667.6 78.24 0.0 104899.0 3.533 88.23 -3.999999999999986
store= 34 dept= 18 7.97 70.05 1.0 104900.0 3.554 162.71333333333334 3.5900000000000034
store= 34 dept= 18 60.34 64.94 0.0 104901.0 3.532 200.98000000000002 1.7033333333333331
store= 34 dept= 18 1944.03 66.23 0.0 104902.0 3.473 1917.8433333333332 1.1333333333333258
store= 34 dept= 18 3628.27 69.44 0.0 104903.0 3.371 4031.1450000000004 -1.1899999999999977
store= 34 dept= 18 6880.03 60.42 0.0 104904.0 3.299 5086.49 4.900000000000006
store= 34 dept= 18 7952.97 54.72 0.0 104905.0 3.283 7015.25 5.236666666666672
store= 34 dept= 18 7948.18 58.93 0.0 104906.0 3.361 7885.003333333334 0.060000000000002274
store= 34 dept= 18 13505.23 54.56 0.0 104907.0 3.362 12063.37 2.3133333333333326
store= 34 dept= 18 11151.63 48.04 0.0 104908.0 3.322 14331.294999999998 1.3699999999999974
store= 34 dept= 18 6191.5 41.04 0.0 104909.0 3.286 8016.215 5.695
store= 34 dept= 18 8461.44 46.0 0.0 104910.0 3.294 7779.3 0.6000000000000014
store= 34 dept= 18 21129.76 45.99 1.0 104911.0 3.225 15120.259999999998 -2.530000000000001
store= 34 dept= 18 31837.13 39.75 0.0 104912.0 3.176 33267.615 -2.5249999999999986
store= 34 dept= 18 27389.77 24.69 0.0 104913.0 3.153 31022.614999999998 8.620000000000001
store= 34 dept= 18 20720.7 32.31 0.0 104914.0 3.149 23509.485 5.164999999999999
store= 34 dept= 18 20873.12 32.45 0.0 104915.0 3.103 19660.735 5.144999999999996
store= 34 dept= 18 8897.99 28.84 1.0 104916.0 3.119 8776.744999999999 2.6350000000000016
store= 34 dept= 18 4312.31 36.39 0.0 104916.0 3.158 4312.31 0.0
store= 34 dept= 18 1850.54 33.99 0.0 104917.0 3.263 2484.635 -4.745000000000001
store= 34 dept= 18 1588.61 39.28 0.0 104918.0 3.273 1305.81 -4.265000000000001
store= 34 dept= 18 1649.15 39.81 0.0 104919.0 3.29 1506.535 -0.12000000000000455
store= 34 dept= 18 2939.75 38.64 0.0 104920.0 3.354 2205.035 -1.980000000000004
store= 34 dept= 18 6490.86 36.7 1.0 104921.0 3.411 4464.686666666667 -4.713333333333335
store= 34 dept= 18 19002.69 37.25 0.0 104922.0 3.493 14845.61 -3.2366666666666646
store= 34 dept= 18 376.57 39.89 0.0 104923.0 3.541 9418.34 1.2333333333333272
store= 34 dept= 18 574.12 42.74 0.0 104925.0 3.619 346.6166666666666 1.1266666666666652
store= 34 dept= 18 487.16 42.7 0.0 104926.0 3.667 301.8866666666667 0.9099999999999895
store= 34 dept= 18 657.71 48.09 0.0 104927.0 3.707 490.57 1.7533333333333303
store= 34 dept= 18 796.51 47.93 0.0 104928.0 3.759 1218.2966666666669 0.05333333333332746
store= 34 dept= 18 2296.66 59.29 0.0 104929.0 3.82 5679.5 -4.350000000000001
store= 34 dept= 18 10556.56 54.42 0.0 104930.0 3.864 6386.7266666666665 0.3366666666666589
store= 34 dept= 18 3507.78 59.12 0.0 104931.0 3.881 2209.383333333333 -1.9200000000000017
store= 34 dept= 18 99.41 55.34 0.0 104932.0 3.864 3886.8233333333337 2.729999999999997
store= 34 dept= 18 55.77 66.49 0.0 104933.0 3.81 1697.676666666667 -6.223333333333322
store= 34 dept= 18 68.85 65.04 0.0 104934.0 3.747 424.505 -5.320000000000007
store= 34 dept= 18 1.0 61.92 0.0 104935.0 3.685 79.03666666666666 -0.016666666666672825
store= 34 dept= 18 0.75 64.97 0.0 104936.0 3.62 7.925 -1.75
store= 34 dept= 18 -667.6 72.42 0.0 104937.0 3.551 1.645 -5.084999999999994
store= 34 dept= 18 -667.6 70.41 0.0 104938.0 3.483 1.25 2.9950000000000045
store= 34 dept= 18 -667.6 75.35 0.0 104939.0 3.433 19.5 -0.7800000000000011
store= 34 dept= 18 -667.6 76.48 0.0 104940.0 3.372 1.275 -1.4500000000000028
store= 34 dept= 18 -667.6 78.85 0.0 104941.0 3.329 0.5 -0.37999999999999545
store= 34 dept= 18 2.49 81.91 0.0 104942.0 3.257 2.3466666666666667 -2.7333333333333343
store= 34 dept= 18 0.1 77.95 0.0 104943.0 3.187 0.2 1.4450000000000074
store= 34 dept= 18 -667.6 74.02 0.0 104944.0 3.224 1.75 4.290000000000006
store= 34 dept= 18 0.1 77.7 0.0 104945.0 3.263 0.1 0.0
store= 34 dept= 18 -667.6 77.3 0.0 104946.0 3.356 1.24 0.7400000000000091
store= 34 dept= 18 110.43 78.93 0.0 104947.0 3.374 55.715 -1.1100000000000136
store= 34 dept= 18 77.7 78.26 0.0 104948.0 3.476 77.7 0.0
store= 34 dept= 18 75.23 77.78 0.0 104949.0 3.552 28.743333333333336 -0.6766666666666623
store= 34 dept= 18 335.71 72.44 0.0 104950.0 3.61 170.355 2.414999999999992
store= 34 dept= 18 150.46 75.89 0.0 104951.0 3.646 88.23 -1.6499999999999915
store= 34 dept= 18 447.17 78.26 1.0 104952.0 3.709 162.71333333333334 -4.6200000000000045
store= 34 dept= 18 465.6 64.28 0.0 104953.0 3.706 200.98000000000002 2.3633333333333297
store= 34 dept= 18 3674.5 66.08 0.0 104954.0 3.721 1917.8433333333332 1.2833333333333314
store= 34 dept= 18 4434.02 67.06 0.0 104955.0 3.666 4031.1450000000004 1.1899999999999977
store= 34 dept= 18 5826.0 65.41 0.0 104956.0 3.62 5086.49 -0.0899999999999892
store= 34 dept= 18 7060.43 59.94 0.0 104957.0 3.603 7015.25 0.016666666666672825
store= 34 dept= 18 8345.37 58.47 0.0 104958.0 3.61 7885.003333333334 0.5200000000000031
store= 34 dept= 18 13001.02 57.95 0.0 104959.0 3.514 12063.37 -1.076666666666668
store= 34 dept= 18 -666.6 50.91 0.0 104960.0 3.404 14331.294999999998 -1.5
store= 34 dept= 18 -666.6 52.98 0.0 104961.0 3.337 8016.215 -6.244999999999997
store= 34 dept= 18 -666.6 40.26 0.0 104962.0 3.271 7779.3 6.340000000000003
store= 34 dept= 18 -666.6 46.08 1.0 104963.0 3.233 15120.259999999998 -2.6199999999999974
store= 34 dept= 18 -666.6 43.03 0.0 104964.0 3.24 18457.14 -1.8999999999999986
store= 34 dept= 18 -666.6 46.37 0.0 104965.0 3.227 33267.615 -9.144999999999996
store= 34 dept= 18 -666.6 35.16 0.0 104966.0 3.193 31022.614999999998 -1.8499999999999943
store= 34 dept= 18 -666.6 32.38 0.0 104967.0 3.112 23509.485 5.094999999999999
store= 34 dept= 18 -666.6 31.68 1.0 104968.0 3.125 19660.735 5.914999999999999
store= 34 dept= 18 -666.6 31.25 0.0 104968.0 3.177 4312.31 5.140000000000001
store= 34 dept= 18 -666.6 37.6 0.0 104969.0 3.235 2484.635 -8.355
store= 34 dept= 18 -666.6 31.84 0.0 104970.0 3.232 1305.81 3.1750000000000007
store= 34 dept= 18 -666.6 45.01 0.0 104971.0 3.22 1506.535 -5.32
store= 34 dept= 18 -666.6 48.03 0.0 104972.0 3.232 2205.035 -11.370000000000005
store= 34 dept= 18 -666.6 47.63 1.0 104973.0 3.401 4464.686666666667 -15.643333333333334
store= 34 dept= 18 -666.6 42.63 0.0 104974.0 3.451 14845.61 -8.616666666666667
store= 34 dept= 18 -666.6 47.26 0.0 104975.0 3.602 9418.34 -6.13666666666667
store= 34 dept= 18 -666.6 43.51 0.0 104977.0 3.694 346.6166666666666 0.35666666666666913
store= 34 dept= 18 -666.6 53.69 0.0 104978.0 3.647 301.8866666666667 -10.080000000000005
store= 34 dept= 18 -666.6 52.9 0.0 104979.0 3.611 490.57 -3.056666666666665
store= 34 dept= 18 -666.6 60.19 0.0 104980.0 3.593 1218.2966666666669 -12.20666666666667
store= 34 dept= 18 -666.6 51.0 0.0 104981.0 3.575 5679.5 3.9399999999999977
store= 34 dept= 18 -666.6 58.4 0.0 104982.0 3.552 6386.7266666666665 -3.643333333333338
store= 34 dept= 18 -666.6 61.46 0.0 104983.0 3.504 2209.383333333333 -4.260000000000005
store= 34 dept= 18 -666.6 63.99 0.0 104984.0 3.436 3886.8233333333337 -5.920000000000002
store= 34 dept= 18 -666.6 58.54 0.0 104985.0 3.397 1697.676666666667 1.7266666666666737
store= 34 dept= 18 -666.6 65.07 0.0 104986.0 3.369 424.505 -5.349999999999994
store= 34 dept= 18 -666.6 63.9 0.0 104987.0 3.371 79.03666666666666 -1.9966666666666697
store= 34 dept= 18 -666.6 70.87 0.0 104988.0 3.437 7.925 -7.650000000000006
store= 34 dept= 18 -666.6 76.4 0.0 104989.0 3.462 1.645 -9.064999999999998
store= 34 dept= 18 -666.6 79.29 0.0 104990.0 3.438 1.25 -5.885000000000005
store= 34 dept= 18 -666.6 79.33 0.0 104991.0 3.413 19.5 -4.760000000000005
store= 34 dept= 18 -666.6 82.3 0.0 104992.0 3.415 1.275 -7.269999999999996
store= 34 dept= 18 -666.6 80.14 0.0 104993.0 3.453 0.5 -1.6700000000000017
store= 34 dept= 18 -666.6 87.73 0.0 104994.0 3.452 2.3466666666666667 -8.553333333333342
store= 34 dept= 18 -666.6 77.96 0.0 104995.0 3.385 0.2 1.4350000000000165
store= 34 dept= 18 -666.6 82.77 0.0 104996.0 3.368 1.75 -4.459999999999994
store= 34 dept= 18 -666.6 73.3 0.0 104997.0 3.518 0.1 4.400000000000006
store= 34 dept= 18 -666.6 77.89 0.0 104998.0 3.58 1.24 0.15000000000000568
