store= 34 dept= 17 7837.61 35.44 0.0 104816.0 2.598 7441.37 -3.4533333333333296
store= 34 dept= 17 7756.9 36.13 1.0 104817.0 2.573 7947.893333333333 -2.116666666666667
store= 34 dept= 17 6720.76 38.36 0.0 104818.0 2.54 7347.043333333332 2.7633333333333283
store= 34 dept= 17 8316.32 37.28 0.0 104819.0 2.59 8023.549999999999 3.644999999999996
store= 34 dept= 17 6979.25 42.65 0.0 104821.0 2.654 7235.05 1.2166666666666686
store= 34 dept= 17 7397.57 42.26 0.0 104822.0 2.704 7073.813333333333 1.3499999999999943
store= 34 dept= 17 6672.15 45.86 0.0 104823.0 2.743 6544.91 3.9833333333333343
store= 34 dept= 17 7397.87 42.91 0.0 104824.0 2.752 7139.956666666668 5.073333333333331
store= 34 dept= 17 6860.05 50.07 0.0 104825.0 2.74 6434.16 4.869999999999997
store= 34 dept= 17 5499.67 51.26 0.0 104826.0 2.773 6257.900000000001 3.4966666666666626
store= 34 dept= 17 5558.37 59.18 0.0 104827.0 2.81 5776.106666666667 -1.980000000000004
store= 34 dept= 17 6647.59 55.04 0.0 104828.0 2.805 6583.053333333333 3.030000000000001
store= 34 dept= 17 4995.3 56.58 0.0 104829.0 2.787 5202.713333333333 3.6866666666666745
store= 34 dept= 17 5896.81 57.39 0.0 104830.0 2.836 6744.016666666666 1.5533333333333275
store= 34 dept= 17 8172.19 60.74 0.0 104831.0 2.845 7735.293333333332 1.163333333333327
store= 34 dept= 17 6565.06 63.99 0.0 104832.0 2.82 6953.353333333333 -0.5133333333333354
store= 34 dept= 17 7173.04 68.68 0.0 104833.0 2.756 6750.233333333334 0.3500000000000085
store= 34 dept= 17 5215.1 72.17 0.0 104834.0 2.701 5599.613333333334 0.23666666666666458
store= 34 dept= 17 5984.97 80.84 0.0 104835.0 2.668 5961.613333333334 -3.9200000000000017
store= 34 dept= 17 5748.61 73.48 0.0 104836.0 2.635 6184.839999999999 2.0333333333333314
store= 34 dept= 17 5852.41 78.47 0.0 104837.0 2.654 5982.8966666666665 -0.3100000000000023
store= 34 dept= 17 5818.71 73.66 0.0 104838.0 2.668 5550.486666666667 5.516666666666666
store= 34 dept= 17 5342.2 75.0 0.0 104839.0 2.637 5998.356666666667 2.930000000000007
store= 34 dept= 17 4780.92 78.53 0.0 104840.0 2.621 5636.663333333333 -1.6500000000000057
store= 34 dept= 17 5742.31 79.58 0.0 104841.0 2.612 5890.746666666667 -0.2366666666666788
store= 34 dept= 17 5472.84 72.26 0.0 104842.0 2.65 5437.713333333333 3.606666666666669
store= 34 dept= 17 7274.59 73.8 0.0 104843.0 2.64 6436.07 2.680000000000007
store= 34 dept= 17 5560.98 76.72 0.0 104844.0 2.698 5777.790000000001 1.683333333333323
store= 34 dept= 17 5310.2 76.45 0.0 104845.0 2.671 6226.406666666667 0.653333333333336
store= 34 dept= 17 6372.34 72.87 0.0 104846.0 2.621 6129.383333333334 1.3233333333333235
store= 34 dept= 17 5651.82 72.59 0.0 104847.0 2.584 5630.986666666667 2.98333333333332
store= 34 dept= 17 6055.97 72.61 1.0 104848.0 2.574 6427.580000000001 1.0300000000000011
store= 34 dept= 17 6499.43 70.71 0.0 104849.0 2.594 6414.413333333333 -4.066666666666663
store= 34 dept= 17 6298.63 69.78 0.0 104850.0 2.642 6882.66 -2.4166666666666714
store= 34 dept= 17 5499.58 70.13 0.0 104851.0 2.619 6603.579999999999 -4.809999999999988
store= 34 dept= 17 8012.57 65.21 0.0 104852.0 2.645 6731.329999999999 -5.253333333333323
store= 34 dept= 17 6513.71 59.57 0.0 104853.0 2.732 6507.093333333333 -0.5799999999999983
store= 34 dept= 17 6015.32 58.11 0.0 104854.0 2.736 6659.826666666667 -1.2366666666666646
store= 34 dept= 17 6263.29 50.78 0.0 104855.0 2.718 6530.8099999999995 -1.3700000000000045
store= 34 dept= 17 6216.01 52.43 0.0 104856.0 2.699 6468.545 -5.695
store= 34 dept= 17 5908.86 47.2 0.0 104857.0 2.741 6517.805 -0.6000000000000014
store= 34 dept= 17 7517.29 40.93 0.0 104858.0 2.78 9072.18 2.530000000000001
store= 34 dept= 17 9063.94 41.13 1.0 104859.0 2.752 9063.94 0.0
store= 34 dept= 17 7802.83 34.7 0.0 104860.0 2.727 7973.545 2.5249999999999986
store= 34 dept= 17 8690.04 41.93 0.0 104861.0 2.86 8561.45 -8.619999999999997
store= 34 dept= 17 9649.12 42.64 0.0 104862.0 2.884 9931.98 -5.164999999999999
store= 34 dept= 17 14226.1 42.74 0.0 104863.0 2.887 13896.795 -5.145000000000003
store= 34 dept= 17 7195.21 34.11 1.0 104864.0 2.955 8222.66 -2.634999999999998
store= 34 dept= 17 6646.24 24.5 0.0 104864.0 2.98 6105.615 4.745000000000001
store= 34 dept= 17 6862.89 30.75 0.0 104865.0 2.992 6771.93 4.265000000000001
store= 34 dept= 17 6736.04 39.57 0.0 104866.0 3.017 6564.62 0.11999999999999744
store= 34 dept= 17 5380.08 34.68 0.0 104867.0 3.022 5984.65 1.9799999999999969
store= 34 dept= 17 7475.69 23.82 0.0 104868.0 2.996 7441.37 8.166666666666668
store= 34 dept= 17 7272.89 28.66 1.0 104869.0 3.033 7947.893333333333 5.353333333333335
store= 34 dept= 17 7720.29 45.12 0.0 104870.0 3.058 7347.043333333332 -3.9966666666666697
store= 34 dept= 17 7730.78 44.57 0.0 104871.0 3.087 8023.549999999999 -3.645000000000003
store= 34 dept= 17 6379.99 46.21 0.0 104873.0 3.305 7235.05 -2.3433333333333337
store= 34 dept= 17 6861.68 45.87 0.0 104874.0 3.461 7073.813333333333 -2.260000000000005
store= 34 dept= 17 6656.59 55.58 0.0 104875.0 3.495 6544.91 -5.736666666666665
store= 34 dept= 17 6525.15 53.11 0.0 104876.0 3.48 7139.956666666668 -5.126666666666672
store= 34 dept= 17 6644.8 55.46 0.0 104877.0 3.521 6434.16 -0.5200000000000031
store= 34 dept= 17 5917.21 58.59 0.0 104878.0 3.605 6257.900000000001 -3.833333333333343
store= 34 dept= 17 6058.78 53.3 0.0 104879.0 3.724 5776.106666666667 3.8999999999999986
store= 34 dept= 17 7007.3 63.83 0.0 104880.0 3.781 6583.053333333333 -5.759999999999998
store= 34 dept= 17 5355.63 57.73 0.0 104881.0 3.781 5202.713333333333 2.536666666666676
store= 34 dept= 17 7607.42 54.4 0.0 104882.0 3.866 6744.016666666666 4.5433333333333294
store= 34 dept= 17 7303.94 63.05 0.0 104883.0 3.872 7735.293333333332 -1.1466666666666683
store= 34 dept= 17 5480.33 61.47 0.0 104884.0 3.881 6953.353333333333 2.0066666666666677
store= 34 dept= 17 6118.41 65.99 0.0 104885.0 3.771 6750.233333333334 3.0400000000000205
store= 34 dept= 17 5883.71 74.64 0.0 104886.0 3.683 5599.613333333334 -2.2333333333333343
store= 34 dept= 17 5916.88 74.57 0.0 104887.0 3.64 5961.613333333334 2.3500000000000085
store= 34 dept= 17 6552.01 76.58 0.0 104888.0 3.618 6184.839999999999 -1.0666666666666629
store= 34 dept= 17 5692.03 77.16 0.0 104889.0 3.57 5982.8966666666665 1.0
store= 34 dept= 17 5162.68 81.96 0.0 104890.0 3.504 5550.486666666667 -2.7833333333333314
store= 34 dept= 17 5554.84 80.84 0.0 104891.0 3.469 5998.356666666667 -2.9099999999999966
store= 34 dept= 17 5210.13 78.09 0.0 104892.0 3.563 5636.663333333333 -1.210000000000008
store= 34 dept= 17 5845.46 80.75 0.0 104893.0 3.627 5890.746666666667 -1.4066666666666805
store= 34 dept= 17 4886.26 78.04 0.0 104894.0 3.659 5437.713333333333 -2.173333333333332
store= 34 dept= 17 5267.32 76.71 0.0 104895.0 3.662 6436.07 -0.22999999999998977
store= 34 dept= 17 5231.47 80.23 0.0 104896.0 3.617 5777.790000000001 -1.8266666666666822
store= 34 dept= 17 6106.51 77.08 0.0 104897.0 3.55 6226.406666666667 0.023333333333340533
store= 34 dept= 17 5662.21 77.27 0.0 104898.0 3.523 6129.383333333334 -3.076666666666668
store= 34 dept= 17 4917.72 78.24 0.0 104899.0 3.533 5630.986666666667 -2.6666666666666714
store= 34 dept= 17 6068.81 70.05 1.0 104900.0 3.554 6427.580000000001 3.5900000000000034
store= 34 dept= 17 6028.55 64.94 0.0 104901.0 3.532 6414.413333333333 1.7033333333333331
store= 34 dept= 17 7486.61 66.23 0.0 104902.0 3.473 6882.66 1.1333333333333258
store= 34 dept= 17 6236.22 69.44 0.0 104903.0 3.371 6208.24 -1.1899999999999977
store= 34 dept= 17 7146.29 60.42 0.0 104904.0 3.299 6603.579999999999 4.900000000000006
store= 34 dept= 17 6187.55 54.72 0.0 104905.0 3.283 6731.329999999999 5.236666666666672
store= 34 dept= 17 6139.33 58.93 0.0 104906.0 3.361 6507.093333333333 0.060000000000002274
store= 34 dept= 17 6929.03 54.56 0.0 104907.0 3.362 6659.826666666667 2.3133333333333326
store= 34 dept= 17 6798.33 48.04 0.0 104908.0 3.322 6530.8099999999995 1.3699999999999974
store= 34 dept= 17 6721.08 41.04 0.0 104909.0 3.286 6468.545 5.695
store= 34 dept= 17 7126.75 46.0 0.0 104910.0 3.294 6517.805 0.6000000000000014
store= 34 dept= 17 10627.07 45.99 1.0 104911.0 3.225 9072.18 -2.530000000000001
store= 34 dept= 17 8144.26 39.75 0.0 104912.0 3.176 7973.545 -2.5249999999999986
store= 34 dept= 17 8432.86 24.69 0.0 104913.0 3.153 8561.45 8.620000000000001
store= 34 dept= 17 10214.84 32.31 0.0 104914.0 3.149 9931.98 5.164999999999999
store= 34 dept= 17 13567.49 32.45 0.0 104915.0 3.103 13896.795 5.144999999999996
store= 34 dept= 17 9250.11 28.84 1.0 104916.0 3.119 8222.66 2.6350000000000016
store= 34 dept= 17 8112.79 36.39 0.0 104916.0 3.158 8112.79 0.0
store= 34 dept= 17 5564.99 33.99 0.0 104917.0 3.263 6105.615 -4.745000000000001
store= 34 dept= 17 6680.97 39.28 0.0 104918.0 3.273 6771.93 -4.265000000000001
store= 34 dept= 17 6393.2 39.81 0.0 104919.0 3.29 6564.62 -0.12000000000000455
store= 34 dept= 17 6589.22 38.64 0.0 104920.0 3.354 5984.65 -1.980000000000004
store= 34 dept= 17 7010.81 36.7 1.0 104921.0 3.411 7441.37 -4.713333333333335
store= 34 dept= 17 8813.89 37.25 0.0 104922.0 3.493 7947.893333333333 -3.2366666666666646
store= 34 dept= 17 7600.08 39.89 0.0 104923.0 3.541 7347.043333333332 1.2333333333333272
store= 34 dept= 17 8345.91 42.74 0.0 104925.0 3.619 7235.05 1.1266666666666652
store= 34 dept= 17 6962.19 42.7 0.0 104926.0 3.667 7073.813333333333 0.9099999999999895
store= 34 dept= 17 6305.99 48.09 0.0 104927.0 3.707 6544.91 1.7533333333333303
store= 34 dept= 17 7496.85 47.93 0.0 104928.0 3.759 7139.956666666668 0.05333333333332746
store= 34 dept= 17 5797.63 59.29 0.0 104929.0 3.82 6434.16 -4.350000000000001
store= 34 dept= 17 7356.82 54.42 0.0 104930.0 3.864 6257.900000000001 0.3366666666666589
store= 34 dept= 17 5711.17 59.12 0.0 104931.0 3.881 5776.106666666667 -1.9200000000000017
store= 34 dept= 17 6094.27 55.34 0.0 104932.0 3.864 6583.053333333333 2.729999999999997
store= 34 dept= 17 5257.21 66.49 0.0 104933.0 3.81 5202.713333333333 -6.223333333333322
store= 34 dept= 17 6727.82 65.04 0.0 104934.0 3.747 6744.016666666666 -6.096666666666678
store= 34 dept= 17 7729.75 61.92 0.0 104935.0 3.685 7735.293333333332 -0.016666666666672825
store= 34 dept= 17 8814.67 64.97 0.0 104936.0 3.62 6953.353333333333 -1.4933333333333323
store= 34 dept= 17 6959.25 72.42 0.0 104937.0 3.551 6750.233333333334 -3.3899999999999864
store= 34 dept= 17 5700.03 70.41 0.0 104938.0 3.483 5599.613333333334 1.9966666666666697
store= 34 dept= 17 5982.99 75.35 0.0 104939.0 3.433 5961.613333333334 1.5700000000000074
store= 34 dept= 17 6253.9 76.48 0.0 104940.0 3.372 6184.839999999999 -0.9666666666666686
store= 34 dept= 17 6404.25 78.85 0.0 104941.0 3.329 5982.8966666666665 -0.6899999999999977
store= 34 dept= 17 5670.07 81.91 0.0 104942.0 3.257 5550.486666666667 -2.7333333333333343
store= 34 dept= 17 7098.03 77.95 0.0 104943.0 3.187 5998.356666666667 -0.01999999999999602
store= 34 dept= 17 6918.94 74.02 0.0 104944.0 3.224 5636.663333333333 2.8599999999999994
store= 34 dept= 17 6084.47 77.7 0.0 104945.0 3.263 5890.746666666667 1.6433333333333167
store= 34 dept= 17 5954.04 77.3 0.0 104946.0 3.356 5437.713333333333 -1.433333333333323
store= 34 dept= 17 6766.3 78.93 0.0 104947.0 3.374 6436.07 -2.450000000000003
store= 34 dept= 17 6540.92 78.26 0.0 104948.0 3.476 5777.790000000001 0.14333333333331666
store= 34 dept= 17 7262.51 77.78 0.0 104949.0 3.552 6226.406666666667 -0.6766666666666623
store= 34 dept= 17 6353.6 72.44 0.0 104950.0 3.61 6129.383333333334 1.7533333333333303
store= 34 dept= 17 6323.42 75.89 0.0 104951.0 3.646 5630.986666666667 -0.3166666666666771
store= 34 dept= 17 7157.96 78.26 1.0 104952.0 3.709 6427.580000000001 -4.6200000000000045
store= 34 dept= 17 6715.26 64.28 0.0 104953.0 3.706 6414.413333333333 2.3633333333333297
store= 34 dept= 17 6862.74 66.08 0.0 104954.0 3.721 6882.66 1.2833333333333314
store= 34 dept= 17 6180.26 67.06 0.0 104955.0 3.666 6208.24 1.1899999999999977
store= 34 dept= 17 7164.87 65.41 0.0 104956.0 3.62 6603.579999999999 -0.0899999999999892
store= 34 dept= 17 5993.87 59.94 0.0 104957.0 3.603 6731.329999999999 0.016666666666672825
store= 34 dept= 17 6868.24 58.47 0.0 104958.0 3.61 6507.093333333333 0.5200000000000031
store= 34 dept= 17 7035.13 57.95 0.0 104959.0 3.514 6659.826666666667 -1.076666666666668
store= 34 dept= 17 -666.6 50.91 0.0 104960.0 3.404 6530.8099999999995 -1.5
store= 34 dept= 17 -666.6 52.98 0.0 104961.0 3.337 6468.545 -6.244999999999997
store= 34 dept= 17 -666.6 40.26 0.0 104962.0 3.271 6517.805 6.340000000000003
store= 34 dept= 17 -666.6 46.08 1.0 104963.0 3.233 9072.18 -2.6199999999999974
store= 34 dept= 17 -666.6 43.03 0.0 104964.0 3.24 9063.94 -1.8999999999999986
store= 34 dept= 17 -666.6 46.37 0.0 104965.0 3.227 7973.545 -9.144999999999996
store= 34 dept= 17 -666.6 35.16 0.0 104966.0 3.193 8561.45 -1.8499999999999943
store= 34 dept= 17 -666.6 32.38 0.0 104967.0 3.112 9931.98 5.094999999999999
store= 34 dept= 17 -666.6 31.68 1.0 104968.0 3.125 13896.795 5.914999999999999
store= 34 dept= 17 -666.6 31.25 0.0 104968.0 3.177 8112.79 5.140000000000001
store= 34 dept= 17 -666.6 37.6 0.0 104969.0 3.235 6105.615 -8.355
store= 34 dept= 17 -666.6 31.84 0.0 104970.0 3.232 6771.93 3.1750000000000007
store= 34 dept= 17 -666.6 45.01 0.0 104971.0 3.22 6564.62 -5.32
store= 34 dept= 17 -666.6 48.03 0.0 104972.0 3.232 5984.65 -11.370000000000005
store= 34 dept= 17 -666.6 47.63 1.0 104973.0 3.401 7441.37 -15.643333333333334
store= 34 dept= 17 -666.6 42.63 0.0 104974.0 3.451 7947.893333333333 -8.616666666666667
store= 34 dept= 17 -666.6 47.26 0.0 104975.0 3.602 7347.043333333332 -6.13666666666667
store= 34 dept= 17 -666.6 43.51 0.0 104977.0 3.694 7235.05 0.35666666666666913
store= 34 dept= 17 -666.6 53.69 0.0 104978.0 3.647 7073.813333333333 -10.080000000000005
store= 34 dept= 17 -666.6 52.9 0.0 104979.0 3.611 6544.91 -3.056666666666665
store= 34 dept= 17 -666.6 60.19 0.0 104980.0 3.593 7139.956666666668 -12.20666666666667
store= 34 dept= 17 -666.6 51.0 0.0 104981.0 3.575 6434.16 3.9399999999999977
store= 34 dept= 17 -666.6 58.4 0.0 104982.0 3.552 6257.900000000001 -3.643333333333338
store= 34 dept= 17 -666.6 61.46 0.0 104983.0 3.504 5776.106666666667 -4.260000000000005
store= 34 dept= 17 -666.6 63.99 0.0 104984.0 3.436 6583.053333333333 -5.920000000000002
store= 34 dept= 17 -666.6 58.54 0.0 104985.0 3.397 5202.713333333333 1.7266666666666737
store= 34 dept= 17 -666.6 65.07 0.0 104986.0 3.369 6744.016666666666 -6.126666666666665
store= 34 dept= 17 -666.6 63.9 0.0 104987.0 3.371 7735.293333333332 -1.9966666666666697
store= 34 dept= 17 -666.6 70.87 0.0 104988.0 3.437 6953.353333333333 -7.393333333333338
store= 34 dept= 17 -666.6 76.4 0.0 104989.0 3.462 6750.233333333334 -7.36999999999999
store= 34 dept= 17 -666.6 79.29 0.0 104990.0 3.438 5599.613333333334 -6.88333333333334
store= 34 dept= 17 -666.6 79.33 0.0 104991.0 3.413 5961.613333333334 -2.4099999999999966
store= 34 dept= 17 -666.6 82.3 0.0 104992.0 3.415 6184.839999999999 -6.786666666666662
store= 34 dept= 17 -666.6 80.14 0.0 104993.0 3.453 5982.8966666666665 -1.980000000000004
store= 34 dept= 17 -666.6 87.73 0.0 104994.0 3.452 5550.486666666667 -8.553333333333342
store= 34 dept= 17 -666.6 77.96 0.0 104995.0 3.385 5998.356666666667 -0.029999999999986926
store= 34 dept= 17 -666.6 82.77 0.0 104996.0 3.368 5636.663333333333 -5.890000000000001
store= 34 dept= 17 -666.6 73.3 0.0 104997.0 3.518 5890.746666666667 6.043333333333322
store= 34 dept= 17 -666.6 77.89 0.0 104998.0 3.58 5437.713333333333 -2.0233333333333263
